                         sepal_length  sepal_width  petal_length  petal_width
species                                                                      
setosa     sepal_length      1.000000     0.706567      0.286171     0.278592
           sepal_width       0.706567     1.000000      0.207276     0.282204
           petal_length      0.286171     0.207276      1.000000     0.344129
           petal_width       0.278592     0.282204      0.344129     1.000000
versicolor sepal_length      1.000000     0.479991      0.738386     0.516519
           sepal_width       0.479991     1.000000      0.525499     0.638250
           petal_length      0.738386     0.525499      1.000000     0.774136
           petal_width       0.516519     0.638250      0.774136     1.000000
virginica  sepal_length      1.000000     0.457228      0.864225     0.281108
           sepal_width       0.457228     1.000000      0.401045     0.537728
           petal_length      0.864225     0.401045      1.000000     0.322108
           petal_width       0.281108     0.537728      0.322108     1.000000
